order: 2
A:
 [[2. 1.]
 [1. 5.]]
B:
[[6. 7.]
 [4. 3.]]
product:
[[16 17]
 [26 22]]
number of multiplications: Strassen's=7, ordinary=8

order: 4
A:
 [[ 3.  2.  1.  4.]
 [-1.  2.  0.  1.]
 [ 2.  3. -1. -2.]
 [ 5.  1.  1.  0.]]
B:
[[-1.  2. -1.  0.]
 [ 3. -1.  0.  2.]
 [-4.  0. -3.  1.]
 [ 0. -2.  1.  2.]]
product:
[[-1 -4 -2 13]
 [ 7 -6  2  6]
 [11  5 -1  1]
 [-6  9 -8  3]]
number of multiplications: Strassen's=49, ordinary=64

order: 8
A:
 [[ 1.  0.  1.  2.  0. -1. -1. -1.]
 [-1.  1. -1.  1.  2.  0.  0.  3.]
 [ 1. -1.  2. -3. -1.  1.  1.  0.]
 [ 0.  2.  3.  2.  1.  0. -1. -2.]
 [ 2.  3. -1.  0. -1.  0. -1.  0.]
 [ 1.  2.  2.  1.  0.  1.  1.  2.]
 [ 3. -1.  0.  2.  2.  2.  2.  1.]
 [ 2. -2.  1. -3.  3.  0.  1.  2.]]
B:
[[ 1.  0.  1.  2.  0. -1. -1. -1.]
 [-1.  1. -1.  1.  2.  0.  0.  3.]
 [ 1. -1.  2. -3. -1.  1.  1.  0.]
 [ 0.  2.  3.  2.  1.  0. -1. -2.]
 [ 2.  3. -1.  0. -1.  0. -1.  0.]
 [ 1.  2.  2.  1.  0.  1.  1.  2.]
 [ 3. -1.  0.  2.  2.  2.  2.  1.]
 [ 2. -2.  1. -3.  3.  0.  1.  2.]]
product:
[[ -4   4   6   3  -4  -3  -6 -10]
 [  7   4   0  -5  11   0   0   8]
 [  6 -11   0  -8  -4   4   8   5]
 [ -4  11   7   1  -6   1  -4  -3]
 [ -7   2  -2   8   6  -5  -4   6]
 [  9  -1  10  -3  11   4   5  10]
 [ 18   9  13  12   5   3   0  -2]
 [ 18  -5  -4 -11  -3   1   3   3]]
number of multiplications: Strassen's=343, ordinary=512

order: 4
A:
 [[  29.  283.   43.   29.]
 [  67.  137.  -30.  235.]
 [ 159.  122. -158.  224.]
 [ 138.  210.  154.   50.]]
B:
[[  91.  -16.   23.    6.]
 [ -70. -251. -208.  -13.]
 [  41. -200. -187.  -34.]
 [  37. -268.  299.   34.]]
product:
[[-14335 -87869 -57567  -3981]
 [  3972 -92439  48920   7631]
 [  7739 -61598  74803  12356]
 [  6022 -99118 -54354  -5438]]
number of multiplications: Strassen's=49, ordinary=64

order: 1
A:
 [[46.]]
B:
[[-259.]]
product:
-11914
number of multiplications: Strassen's=1, ordinary=1

order: 32
A:
 [[-288. -109.  -21. ...  -89.  239. -112.]
 [ 116. -297. -184. ...   91.  -37.  288.]
 [  60. -238.  261. ...  102.  281.  -69.]
 ...
 [ 160.    8.   47. ...  -68.   20.  103.]
 [  33. -141.   10. ...  -62.    5. -212.]
 [  76.  279.  225. ... -191.  127. -186.]]
B:
[[-120.  123. -273. ...    5.  270. -198.]
 [ 206. -227.  110. ...  -95.   55.   30.]
 [-294. -101.  -10. ...   17. -230. -115.]
 ...
 [ 142. -223.  171. ...  -42.  185.  104.]
 [ 200.   20. -150. ...  186.  139. -300.]
 [  85.  -72.  -27. ...  -39.   30.  115.]]
product:
[[ 224795  244924    5214 ...  361208  136092 -173561]
 [-265494  187102  -37870 ...  100043 -106700  -64484]
 [ -15490  123363  -78342 ...  103324  -23145  -54399]
 ...
 [-243689  -23329 -107045 ...   53031  128836   19393]
 [ -59316   20012  -83018 ...  271783 -103083 -157731]
 [-354906 -182718   87354 ... -204072   68656 -106245]]
number of multiplications: Strassen's=16807, ordinary=32768

order: 8
A:
 [[ 293. -206.  -46. -123.  164. -145. -138.   53.]
 [ 176.  -42.  224.  249.  145. -245.   76.  -62.]
 [ -66.  211.   25. -160.  -43.  -25.  -41.  -45.]
 [ 251. -247. -219.  213. -160.   68. -122.   45.]
 [ -55.  129.   26.  170. -204.  138.  183. -186.]
 [-137.  161. -235.   68.  165. -190.  181.  -45.]
 [ -65.  145. -223.  -13.  -61.  171.  229. -180.]
 [-157.  -69.  108.  298.   12.  262.  -66.  176.]]
B:
[[-208. -128.  127.   28. -212.  209. -192.    3.]
 [ -93.   39.  105.  294.   10.  209.  136.   60.]
 [ 285. -218.  -18.  -93.  222.  -33.   68. -107.]
 [  21.  296.  166.  -60.  -90.   39.  149.  166.]
 [  72. -197.  229. -121.  196.  154. -166. -234.]
 [ 281.   92. -138.  -14.  153.  221.  227. -224.]
 [-226.  271.   44.   31.  286.  160.  -79.  -56.]
 [  38. -152.  -20. -171.   70.   84.  -27.  116.]]
product:
[[ -53214 -163020   46425  -71857  -89117   -9513 -156395  -18997]
 [ -41570  -20379  126843  -44349   -2083    5462  -71186   24876]
 [  -4695  -34233  -20538   79438    8923     753   25145   -4035]
 [ -50309   66903   -7050  -51072 -176168   -8982  -14520   78984]
 [ -13913  187472  -19676   83999   23870   33976  110957   18013]
 [-136150  101079   87893   57274   24250   24023  -41252   34276]
 [ -78728  175909  -15065  105195   33995   73489   50811  -27526]
 [ 172201   59171  -19492  -89868   65632   24798  130450   -4083]]
number of multiplications: Strassen's=343, ordinary=512

order: 64
A:
 [[ -61. -259.  113. ... -161.  218. -242.]
 [-159.  199. -184. ...  101.  -11.  234.]
 [ 242.  -32. -206. ... -126. -108.  -23.]
 ...
 [  87.  144. -196. ...  -98.  138. -285.]
 [-253.  -25.  -21. ...  -63.  -64.  217.]
 [ 112.  -32. -125. ...   81. -196.  -54.]]
B:
[[-100.  -68.  112. ... -254.   38.  165.]
 [-294. -221.  -78. ...  218.   31.  230.]
 [-114.  173.  107. ...  212.  -26.   40.]
 ...
 [ -89.  -41. -109. ...   62.  -11. -216.]
 [-228. -100.   56. ...  300.  155.  147.]
 [  37. -142. -109. ... -293. -241. -266.]]
product:
[[-416794  410385  129046 ...  421784  103199   69716]
 [  21712    -414 -245829 ...  383719 -354374 -317610]
 [ 165232  116480  629770 ... -441171  129809  -67056]
 ...
 [-171064     853  223936 ...  156020   -2128 -160505]
 [ -73742   80781 -270856 ... -148731  -63737 -139383]
 [-133841  270180  -81533 ...  -88812  434102 -394720]]
number of multiplications: Strassen's=117649, ordinary=262144

order: 16
A:
 [[ -75.   42.   53.  158.  242.  128.   74.  244.  -84.   90.  -28. -156.
   236.  -12.  223.  111.]
 [ 130.  239.   43. -143.  -78.  -32. -114. -181. -209.  -40.  178.  119.
   227.  -30. -123.   83.]
 [  39.  116.   70.   58. -298.   12.  133. -283.  102.  -39. -118.   25.
   -79.  135.   46. -291.]
 [ 263.   43.   -5.  -56. -133. -249.  240. -230. -152. -220.  -22.  177.
   -42. -284.  290.  113.]
 [ -45. -206.  -62.  117.  133.  -37. -160. -159.  163.  -63.  159.  105.
   -69. -241. -178.    8.]
 [ 224.   82. -196.  108. -179.  157.  198.   99.   -2. -150.  -26. -110.
   -92.  107.   27.   37.]
 [-118.  206.  237.  102. -120. -281.   14.  254.   73.  100. -270. -103.
   -90. -210.  170. -135.]
 [-198.  193.  -79.  238. -193.   26.  193.  256.   12. -258.  -37.  160.
   175. -145. -101.   78.]
 [-261. -103.  -16.  246.  -92.  -85.  242.   88.   74. -162.    2. -295.
  -237.   86.  287.  -65.]
 [ 243.  199.  163. -158.  161.  203. -273.  169.   96. -260. -266.  -66.
   -22.  232.  -69. -206.]
 [-244. -243.    6. -166.  -69.  114. -179. -105. -233.  182. -293.  241.
  -160.  175.   66. -268.]
 [  85. -256.  135. -216.  -91.  140.  102. -107. -295.  210. -193.  -45.
   112.  255.   33.   96.]
 [ -89.  290.   32. -187. -110. -141. -155.  -46.   27.  117.  -77.  -85.
    88.  272.  133. -269.]
 [  19.  -42. -104.  246. -118.  294.  201. -270.  -99.  263.   90.  112.
   110. -139.   20.  161.]
 [-230.  -37. -188.  -57.   61. -202.   85.  134. -215.  -40.  124.   32.
   154. -181.  -15.  141.]
 [ -77. -238.  215.  220. -206.  110.  -30.  147. -277.   53. -190.  258.
  -275.  236. -300.  -28.]]
B:
[[ -18. -224.  209.    4. -238. -239.   91.  215.  -36.  147.  -43. -278.
  -187. -192.    8.  100.]
 [-136.  200.  -92.  212.  170.  -23.  -36. -221. -182. -178. -232.  187.
  -108.  -47.  255. -217.]
 [ 174.  -42. -225.  131.  198.  -77.  -22. -185.  -87. -142. -235.  -32.
  -249.  114. -189.  246.]
 [-188. -269.   17.  276. -226.    8.  175.  149.  285.  -46.  260.   -2.
  -122. -217.  -30.  156.]
 [ 115. -125. -268.  272. -220. -255.  -74.  120. -218.  114.  209.  147.
  -154.  142.   97.  -57.]
 [  42. -126.   31. -113. -247.  -43. -172. -210. -181.  -92. -189. -265.
   -40. -135. -257.  242.]
 [ 218.  193. -126. -189. -224.  179.  -24. -196.   29.  224. -260. -216.
  -229.  253.  242. -265.]
 [  78.  262.  -20.  180. -232.  130. -112.  258.  118.  234.  157. -200.
   258.  -36.  279. -215.]
 [ 150.   82. -243.   53. -114.  239.  -10. -226.  238.   95.  195.  176.
  -207.   -4.  269. -161.]
 [  51. -158.   23.   54. -245.  206.  200.   82.   14.  202.  177. -270.
  -122.  156. -137. -264.]
 [-238.   10.  256.  145.  187.   -5. -135.    1.  169.  266. -265.  -31.
     8.  296.   86.  -39.]
 [-215.  237.  -33.  -30. -289.  133.   -8.   71.  271. -180.  299.  102.
  -258. -282. -151. -149.]
 [ 299.  -28.  293.   33.   93.    4. -104. -142.  -55.  276.   67. -196.
   -39.  139.  -78.  272.]
 [ -94.   46. -232.   88.  194.  271.  -98.  108. -166. -201.  -43.  272.
   -11.   91. -177.   49.]
 [-149. -273. -231.  208.   -4.  174. -151.   33. -252. -108.  117.   47.
   -55.  -22.  297. -138.]
 [-171.  -54.  100.  230.  271.  112. -272.  187.  105.   34.  -31. -205.
  -216.  128. -230. -210.]]
product:
[[  95204 -120089  -51889  220123  -82081   18676 -114246   47506 -130780
   134259   66864 -152360  -18247  102298   82554  -10196]
 [ -76274   40225  232664   -3921  213911 -126274  -44024  -52556  -50307
   -14017 -177243  -29511  -51504   26537 -140700   94588]
 [    568   14032  -99056 -171212   18084   77516  130577 -210615  -28470
  -196906 -118483  138091  -64214 -103071   17878   85126]
 [-107531  -34114   71764  -69246   33167  -78240    2113    4423   14296
   -36599  -83918  -51374 -152740  -70942  135013  -91877]
 [ -49502  -55687   85829  -11232  -64471 -116945   62291   23824  214887
    54041  140704   60899  -30026  -44618  -61723   64102]
 [ -58725    7484   50812  -51789  -83280   39333  -29603   27420     472
     7701 -119230 -100814   26190  -91702   96463  -26271]
 [  86472   66711 -190180  100655  -19199   67128  120444  -37561   10632
   -49341   92137   46436   43140  -55055  262564 -143926]
 [  -9521  238507   78219   16118  -37712   90546  -63032  -77348  204316
    16939    6988  -40200   28243  -96042  123459  -51043]
 [ -29664  -38146 -221173   46410   45218  159906  -11364  -22349    7834
   -44911  -36390  115716  105881   74679  253598  -79160]
 [ 103096   38809 -172876   36191  -10139 -163508  -46012  -32218 -249169
  -192039  -32888  154812   58306 -190701    7226  204084]
 [ -16712   -2029 -137814 -204269  -89346   72693   97693   29255 -120129
  -271114  150654  122361  130675 -139157 -255128   82652]
 [ 116943 -107983   29511 -150823   44076   48765  -27997   40953 -203751
   -26101 -106187 -204447  -22273   95647 -317689  123140]
 [  20480   67522 -125821   12500  189443   97742   40778 -113740 -205814
  -138574  -43792  227208   92192   32489   91833  -14184]
 [ -68930 -174559  181637  -55230 -158764   53974   28073  -63578   87168
    64179  -29971 -266205 -190816   -3496 -198875   19313]
 [ -14809  118046  147357   20278   76183    4365  -69466   84828   74725
   162046   37377  -56158  123040  135062   78371 -132757]
 [ -88358   76178  -36825 -102467 -116196   58121  111255  159512  152790
  -220008   52290  -33896   45314 -187597 -363094  129480]]
number of multiplications: Strassen's=2401, ordinary=4096

order: 8
A:
 [[-240.  141.   50.  114.   13.  -94. -102. -272.]
 [-173. -292.  253. -179. -165. -242.   26.    3.]
 [ -58.  151. -185.  122.  -29.  -54. -194.  221.]
 [ 262.   -6.  127. -199. -156.   10.  218. -184.]
 [-205.  215. -297.  143.  289.  115.   21.  -73.]
 [ 251. -272.  141.   92.  -61.  250.  -88. -221.]
 [-134.  121.  183.   70. -108.   15.  160.  284.]
 [   5.  227.  160.  145. -209.   83.  -78.  104.]]
B:
[[-165. -166. -116.  282.  274. -101.  -81.  250.]
 [ -11. -284. -186.  153.  164. -138. -205.   15.]
 [  28.  274.  195.   87.  181.  -12.  151.  -14.]
 [ 209.  -16.  -54. -115.   48. -142. -198.   79.]
 [-280.  178.  213. -171.  167. -200.  195. -155.]
 [  69.  155. -117. -271. -285.  112. -171.  168.]
 [ -54.  139. -210. -265.   87.  253.   14.  -89.]
 [ 248.  -25. -227.  176.   61.  -92.   -4.  211.]]
product:
[[  -8799   -7962  102139  -52458  -24619  -25916   -6218 -115700]
 [  30272  120491  120409   36569  -14229   92349  157077  -82075]
 [  97905 -131921  -73307   86521  -11607  -99746  -78369   59313]
 [ -94233    4878  -32175   40712   63079  105502   10245   15545]
 [ -39192  -36685  -21584 -166196  -54941  -58598  -63355  -75317]
 [ -30973   93929   70407  -42042  -48471   35697  -16489   76620]
 [ 133600   35143  -97884   10583   28544   22332  -22699   36227]
 [ 125714  -61557  -80888   85606   15518  -32547 -107946   89095]]
number of multiplications: Strassen's=343, ordinary=512

order: 32
A:
 [[ 208.  226.  192. ...  193.  242.  252.]
 [-219. -252.  294. ...  143.  128.  247.]
 [ -99.  -78.    4. ...  -63.  -73.  211.]
 ...
 [-116.   27.  -84. ...    6.  -87. -261.]
 [  95.  189.   98. ...  252.  135.  -80.]
 [   8.  -96.  290. ... -179.   89. -160.]]
B:
[[ -18. -233.   55. ...  -13.  -38.  178.]
 [ 158.  123. -219. ... -126. -259.  272.]
 [ 164.  134.  -23. ... -231. -262.  122.]
 ...
 [-212.  196. -173. ...  -99.  159.   76.]
 [  90. -247.  165. ...  -40. -233. -103.]
 [ 120.  -78.  110. ... -143. -160. -223.]]
product:
[[ -79435  120074  -47825 ... -165271    4778   28418]
 [  61877  -44209   84961 ...   27081  150837  -10109]
 [-142780  -25995  195847 ... -192682 -377617 -325297]
 ...
 [ 275623  -72679 -183356 ...  132293  266341  163047]
 [  93346   53001 -202832 ... -150230  310595  139493]
 [ 134348  -29809  -18212 ... -247967  266024 -201840]]
number of multiplications: Strassen's=16807, ordinary=32768

order: 8
A:
 [[ -78. -164.  205.  239. -240.  132.  -56. -127.]
 [  83. -107.  -87. -251.  243. -252.  161.  175.]
 [  28.   33.  -49.   64.  218.  263. -141. -263.]
 [  82.  269.   67.  128. -149. -298.  242.  -74.]
 [-108.  221.  210.  -75. -298.  198.   -5.  -27.]
 [ 299.  193. -214.   -5. -188.   70.  -24.  147.]
 [ 204.   36.  187.  227.  208.  243. -109. -270.]
 [-249.  101.  -26.  166.  110.  193.    3.  137.]]
B:
[[  31.  165.  127.  -31. -154.   74.  -31.  142.]
 [-182.  153.  197.  -15. -239.  266. -236.  236.]
 [-255. -125.  155. -231.   -9. -198.    7.  188.]
 [-122.  -17.   94.   -7.  -98. -295. -251. -296.]
 [  50.   14. -145.  264.  -68.   13.  123.  -85.]
 [  30.  124.  214. -190. -255.  189.   51.  -46.]
 [ -64.  250.    5. -243.  236. -156.   45.  257.]
 [ 153. -265. -191. -146. -131. -131. -282. -109.]]
product:
[[ -77890  -34987   99052 -100440   12022 -113290   -6926  -68205]
 [  95915  -21505 -169400   68245  100979  -23559   60003   57713]
 [ -12876   84815   82678   89751  -98742  110662   82985  -54590]
 [-122317   85208   59001  -53668   62862  -59721  -99452  146469]
 [-100741   17303  146035 -159087  -58596   69204  -47680  116380]
 [  46050   66792   56397  -41257 -119744  112584 -117148   39823]
 [ -92251   89278  156190   22999 -130412   21686   38724  -22013]
 [  -7664  -35287    -952  -17313  -75761  -15890  -73091  -97936]]
number of multiplications: Strassen's=343, ordinary=512

order: 2
A:
 [[ 231.  274.]
 [ 134. -229.]]
B:
[[  64. -251.]
 [-288.  -30.]]
product:
[[-64128 -66201]
 [ 74528 -26764]]
number of multiplications: Strassen's=7, ordinary=8

order: 1
A:
 [[-103.]]
B:
[[-71.]]
product:
7313
number of multiplications: Strassen's=1, ordinary=1

order: 8
A:
 [[  86. -292.   56.   75. -298. -266.  164. -184.]
 [ 217. -122.   15.   73.  -65.  207. -261.   61.]
 [-225.  262.   17.  158.   52.  152.  -69.  163.]
 [ 294.  290.  103.  -98.   48.  174.  140. -182.]
 [  90.  105.  136. -116.  262.  102.  229.  123.]
 [-280.  -93.   41.   -2.  168.   78.  126.  108.]
 [-251. -180.  182. -221.  -44.  160.  144.  -65.]
 [-298. -126.  159.  148.  205.  120.   11. -298.]]
B:
[[  28. -259.    7.  -95.  298.  201. -175.   55.]
 [ 237. -217. -286.  -36.  258.  -85.  -45.  112.]
 [-106. -120.  -17.  -60.  255. -176.  -61.  261.]
 [ -83. -276.   40.  287.  276. -106.   97. -260.]
 [-200. -100. -151.  -57.   -5.   26.  -62.  153.]
 [-173.  184.  280. -153.  169.  240.  214.   37.]
 [-167.  -53.  -66.   20.   20. -151.  276.  152.]
 [ 218. -144.  108. -116.  123.  -10. -273. -298.]]
product:
[[ -40839   12330   25984  102815  -77544  -70212   58997   -8534]
 [   3587   -2040  130665  -36434   94754  130400  -66680  -76930]
 [  51239  -41274  -13610    9761   92586  -40614    7635  -65156]
 [ -28580  -78384  -73977  -78122  171229   50392   42297  190311]
 [ -58858  -67680  -49184  -94010   92211   -6992   -4814  124380]
 [ -78653   63655   23681   -4604  -69385  -52397   62058     963]
 [-107735  178793   72709  -55574 -113679  -27595  113943  111443]
 [-195905   88505    6902   70525  -57098  -57411  159837   98798]]
number of multiplications: Strassen's=343, ordinary=512

order: 8
A:
 [[  83.  -48. -124. -236.  276.  -29.  298.   64.]
 [ 111.  176.  267. -226. -278. -252. -198. -117.]
 [-140. -234.  -39.  -89.  152. -182.  284.  263.]
 [  83. -158.  294.  -77.   24.  106.  220. -118.]
 [  70.   -5.  137. -212.  233.  -23.  199. -135.]
 [ -56.   16.  -85. -242. -287.  -81. -101.  -37.]
 [ 122. -228. -263. -296. -109.  279.   -7.  130.]
 [-223. -278.  185.    9. -251. -193.   -7.   23.]]
B:
[[-171.  275.   17.  147. -189. -119.  160. -243.]
 [-111. -155.    7.  219. -193.  272.  230. -233.]
 [-231. -200. -157.  153. -184.  -40.  -41.  132.]
 [  53. -242. -247.  231.  244. -129.  107. -117.]
 [-152.  213. -147.  -97.  -81.  108. -191. -186.]
 [-233. -197. -279.  265.   10.  133.  166.   43.]
 [-157. -199. -126. -284.   14.  168.  -17.   30.]
 [ 187.  -97.  -17.   67. -201.  -20. -119.   92.]]
product:
[[ -62742  111168    7718 -186600  -72529   87206  -88140  -35496]
 [  -1993   45718  155133   52085 -118476  -41327   51666   17873]
 [  78101   13311   12267 -224361   -5937     715 -179513   90425]
 [-153602  -40955  -85650  -39830  -32163    1330  -20039   60300]
 [-140843   71583  -18603 -113073  -78383   70415  -53890  -23734]
 [  86044   36198  150422  -41056   -7452  -12363   19802   70439]
 [  26481  103725   51735  -45407  -17495   -6271   -2027   67415]
 [ 115254  -73693   54230  -86548   77637 -112053  -92957  182623]]
number of multiplications: Strassen's=343, ordinary=512

order: 64
A:
 [[  89.  219. -277. ...  -33. -238. -190.]
 [ -16. -245.    4. ... -153.  -40.  260.]
 [   2.  209.  242. ...  -61.    0.  259.]
 ...
 [ 141.  201.    8. ... -202.  242. -286.]
 [ 300.   24.   -2. ...  197.  132.  163.]
 [ 141. -233.  280. ... -177.  290. -277.]]
B:
[[-160.  248. -159. ...  292. -186.  -10.]
 [-269.  -92.  -37. ...   61.  284.  161.]
 [ 210. -113. -196. ... -151. -190.  275.]
 ...
 [  42.  -37.   -8. ...  162.  198.  188.]
 [-230.  -76.   72. ... -258.   25.  121.]
 [-118.   55. -208. ...  125.    7.  298.]]
product:
[[ 117164   89845 -182650 ...  171835 -101487 -124502]
 [ 525382  366393  256705 ...  190712  155188  135838]
 [   2911   79040 -158381 ... -141794  189750  396296]
 ...
 [-116844  251589  156398 ...   17046  239974  -59229]
 [-300619  126192 -112987 ...  335492 -357252  316952]
 [-127056  -56595 -302453 ...  -91216   24413     283]]
number of multiplications: Strassen's=117649, ordinary=262144

order: 32
A:
 [[  81. -153.  233. ...  -57.   -8.  269.]
 [-243. -205. -275. ... -164.  188. -278.]
 [ 189.  247. -188. ...  204.  -90.  -42.]
 ...
 [ -45.   39.  152. ...  177.  215. -134.]
 [ -55.   66.  266. ...   27.   94. -209.]
 [ -58. -274.  -64. ...  -49.  128.   25.]]
B:
[[ -20. -152. -268. ... -141.  152.  176.]
 [-145.  -88. -229. ... -259.  -16.   99.]
 [-268.   26.   -7. ... -200.  109.  217.]
 ...
 [ -50.   88.  135. ...  113.   59.  132.]
 [  75.  -99.  281. ...  261.  -44.  113.]
 [  51.   77.  208. ...  135.  -82.  -35.]]
product:
[[-177887   31270  136497 ...  272188  230640  -65337]
 [  58625  -79221  141733 ...  236384 -235543  185542]
 [ 135005 -201679 -135890 ...  -25004  -55163   51724]
 ...
 [-302770  -35235  -64348 ...   38380  -76479  216998]
 [-116647   53354  -13657 ... -257299  203178  224212]
 [ 203378 -277256   67792 ...  313756  -80379   92737]]
number of multiplications: Strassen's=16807, ordinary=32768

order: 128
A:
 [[-133.  260.  -31. ...  251.   19.   20.]
 [ -85.  166.  -13. ...   48.  298.  257.]
 [-226.   72.   41. ...  253. -207.  186.]
 ...
 [  -1.  -54.  -24. ... -114.   86.   28.]
 [  52. -243.  250. ...  -62.  -82. -271.]
 [ 173.  273.   43. ... -218. -217. -184.]]
B:
[[ 199.  294. -286. ... -275.  170. -100.]
 [ 275.  293.  297. ... -280.  -96.  234.]
 [ 151.  171.  -93. ... -287. -230.  138.]
 ...
 [ 213.  284.  120. ...  -50.   69. -185.]
 [-293. -185.  198. ... -245.  147. -259.]
 [ 121.  -38.  170. ... -155. -176.  -42.]]
product:
[[  40728  403246  205415 ... -309965   12060 -572551]
 [  -6028 -678429  339241 ... -549402 -391649  192321]
 [ -41465 -198792  -25615 ... -121984  432952 -188544]
 ...
 [ 287933  228596 -199148 ...   44395    -973 -657188]
 [ -94108 -291456 -328617 ...  267731  650291 -286524]
 [  76067  189011   90386 ...  -67669  -20856  404863]]
number of multiplications: Strassen's=823543, ordinary=2097152

order: 64
A:
 [[  78. -106. -280. ...   23.  182. -130.]
 [ 247.  112.  185. ... -219. -108.  155.]
 [  87.  288. -175. ... -122.   94.  197.]
 ...
 [   5.  226.  160. ... -277. -100.  240.]
 [-147. -204. -163. ...  223.  136.  252.]
 [-273. -165.   51. ...  270.  -65.  139.]]
B:
[[  96.  -86.  -51. ...  136. -188. -274.]
 [  20.  255.  252. ...   79.   65.  216.]
 [ -92.  226.   53. ...  270. -194.  235.]
 ...
 [-210.  294. -278. ... -172. -102.  -77.]
 [  78.   27.  274. ...  180. -141.   17.]
 [ 264.   44.   41. ... -213.  225.  -40.]]
product:
[[ -72200 -162711   69313 ...  337846  -28532 -270543]
 [ 280609  -87983  236696 ... -446105 -341878  453273]
 [ 247669 -222332   -9195 ...  -97320   77332 -198050]
 ...
 [ 170445 -212280 -181286 ... -153158    6491  134640]
 [  31332  -67917  387745 ...   72337 -373919 -138793]
 [ 127279  -48890    9485 ...  155437  328584  510099]]
number of multiplications: Strassen's=117649, ordinary=262144

order: 64
A:
 [[-209. -180.  224. ...   -4. -216.   80.]
 [ -41. -241.  292. ...  -55.  -80.  -32.]
 [-207.  -81. -117. ...  123. -257. -244.]
 ...
 [  13.   -7. -179. ...  131. -146.   80.]
 [ 114.  148.  -44. ...  -26. -157.  274.]
 [ 277. -135. -266. ...  209.  198.  -19.]]
B:
[[ 129. -110. -116. ...  255.  -80.  102.]
 [ 242.  158.  102. ...  -14.   37. -202.]
 [ 248. -165. -261. ... -107.  182.  211.]
 ...
 [  80.  213. -127. ...  147.   88. -187.]
 [  60. -113. -269. ...   -9. -258.   61.]
 [ 171. -109. -220. ... -200. -198.   65.]]
product:
[[-361521  109255 -350522 ...   17112   90485  -58626]
 [ -33304    8304 -381820 ... -271065   41507  -54071]
 [-352696  405548  504781 ...  371127  445261  386713]
 ...
 [ 448383   68376 -104780 ...   86638  459579  -80228]
 [ 431735  105918  593979 ...  -64991  215222  341621]
 [-236415  115646  -22360 ... -304347 -146769   58406]]
number of multiplications: Strassen's=117649, ordinary=262144

order: 1
A:
 [[-85.]]
B:
[[114.]]
product:
-9690
number of multiplications: Strassen's=1, ordinary=1

order: 2
A:
 [[ -9. 165.]
 [ 42.  33.]]
B:
[[278.   9.]
 [ 69. 213.]]
product:
[[ 8883 35064]
 [13953  7407]]
number of multiplications: Strassen's=7, ordinary=8

order: 8
A:
 [[-180.  127.  298. -149. -265.  227. -267.  286.]
 [ 232. -154.   78. -111.  188.  -22.  207.   40.]
 [ -27. -296. -221. -163. -292. -289.   62. -226.]
 [ 206.  -82.  -16. -154.  -84. -162.  165.  265.]
 [  37.  -89.   10.  246.  -27. -145.  163. -197.]
 [  23. -148. -115.  154.  147.   69. -293.  157.]
 [ 225.   18.  229.  -98.  -50. -187. -242.    0.]
 [-133. -119.  292.  151.   -8. -148. -264.  133.]]
B:
[[-216.  224.  -56.  149.  150.  165.  -47.  297.]
 [ 214. -203. -111.  167. -287.  286.  246. -112.]
 [ 105.  208.  293. -183. -109.  -99.  -98. -170.]
 [  41.  103. -261. -133.  186.    0. -280.   -4.]
 [-109.  250. -108.   38.   79.  120. -229.  298.]
 [ 286.   69.  139.  183.  145.   58. -230.   33.]
 [ -98.  269.   87. -292.  196. -256. -154. -129.]
 [ 167.  127.  106.   54. -200.  267.   26. -166.]]
product:
[[ 258974 -105552  189446   84551 -221197  103200  109247 -202260]
 [-119819  194266   54814  -45827   94084  -34514  -94182   95291]
 [-182044 -113682  -15039  -85624   67052 -195248  113665   -3680]
 [ -79129   89462   62071  -26298  -23252   21161   52810  -21951]
 [-103302   55846  -77409 -129693  123949 -126316  -84184   17117]
 [  16243    9771  -73883   91521   19895  111421  -69668  100159]
 [ -49037   -6217   36430   42201  -93102   64708   90579   36418]
 [  46740    4317   38224  -56327  -89975    8664  -13933  -71707]]
number of multiplications: Strassen's=343, ordinary=512

order: 1
A:
 [[-111.]]
B:
[[200.]]
product:
-22200
number of multiplications: Strassen's=1, ordinary=1

order: 2
A:
 [[-109.  203.]
 [ -92. -122.]]
B:
[[241.  41.]
 [-31.  -7.]]
product:
[[-32562  -5890]
 [-18390  -2918]]
number of multiplications: Strassen's=7, ordinary=8

order: 128
A:
 [[-129. -159.  294. ...  -43.  104.   35.]
 [ -90. -199.   70. ...    6. -163.   83.]
 [-231.  274. -200. ...   63.   23.   12.]
 ...
 [ -32.  162.  -99. ... -185. -123.  -33.]
 [  30. -196. -218. ...  100. -210.   39.]
 [ 156. -114.   27. ...  255.   28.  254.]]
B:
[[ 157. -173.  227. ...  -19.  -86.  -65.]
 [ 117.   47.  154. ...  228. -128.  179.]
 [  -9.  149. -210. ...  -37.  280. -157.]
 ...
 [ 132.  293.  -91. ...   72.  -42. -188.]
 [-160.  -87. -262. ...  299. -184. -157.]
 [ -40.   42. -201. ...  270. -108.  178.]]
product:
[[-636788 -424782 -312402 ...  107970  249020  -73679]
 [-220769   78347 -462438 ...  475493  149740  264856]
 [ 204466 -234826  200360 ...   41807  187038 -438864]
 ...
 [ 218580  207581   15191 ...  -67099   18576  211718]
 [-183933  370997  310057 ...  263758   95005  -89987]
 [ 345047 -572213 -290298 ...  -12727   22922 -434185]]
number of multiplications: Strassen's=823543, ordinary=2097152

order: 64
A:
 [[ 140.  152.   85. ...  -16.  258.  295.]
 [  -8. -235. -135. ...  107. -129. -155.]
 [ -50.  208.  256. ... -196. -253.  105.]
 ...
 [-292. -280.  160. ...  203. -106. -137.]
 [-113. -178.  247. ... -216.  -55.   53.]
 [-206. -111.   97. ...   53. -118.  149.]]
B:
[[ 144.   45. -191. ...   98.  197.  -13.]
 [ 159. -226. -250. ... -171.   -8. -126.]
 [ -80. -201.  110. ...  100.   95.  160.]
 ...
 [  55.   15.  190. ... -164. -166.  -23.]
 [ -90.  264. -250. ...  -72.   69.  190.]
 [-267.  -73.  157. ...  220. -198.  137.]]
product:
[[ 316484  -15972 -145709 ... -319403  345580   57601]
 [   4530    9329  455689 ...   27751 -230096  -91612]
 [-388397 -448456  -28407 ...  -20983  -31337  256907]
 ...
 [ -98338  -19322  226010 ...  143348 -424873   15131]
 [-284347  500257  143416 ...  -28889   80903 -240018]
 [  85418 -245421 -348491 ...  226896 -322340  204605]]
number of multiplications: Strassen's=117649, ordinary=262144

order: 16
A:
 [[-120. -178. -181.  -68.  215.  -58.   84. -212.  196.  284.  121.  281.
   197.  112. -179.  103.]
 [  35. -145. -132.  272.  181.  -50. -166.  259.  -10.  232. -185. -169.
   191.  208.  244.  241.]
 [ 144.  247.   87.  167. -105. -239.  197. -133.  199.  198.  -66.  182.
   236.  197.  -26.  -11.]
 [ -11. -261.  168.  -75.   46.   28.  256.  221.   33.   49. -288.  -68.
   -35.   41. -144.  -63.]
 [  61.   43.  292.  230. -252.  231. -260. -258.  233. -155. -110. -142.
  -185.  244. -187.   55.]
 [ 286.  282. -192.  138.   27.  140. -133. -120.  283. -246. -131. -120.
   292.  279. -161.  279.]
 [-180. -188.  136. -247.  291.  -93. -112. -271.  -36.   29. -206.  278.
  -272.   12.  117.  164.]
 [-116.  204. -230. -299. -290.  241. -224.  272.  225. -186. -157.  155.
  -273. -270. -159. -156.]
 [ 134.  -53.   14.  -73.  249.   17.  170.   67. -203.  260.    7.   66.
   162.  197.   25. -120.]
 [ 274.  280. -139.  126.   90.  -74.   56. -140.  263.  123.   80.  -84.
   117. -206.  187.  283.]
 [-165.  291.  179.   -9. -247. -186.    8. -221.   -3. -184. -226.  153.
   155.  291. -128.  -93.]
 [-123.  -99.   -5. -269.   32.  149. -277.  222.  111.  -42.  -28. -271.
   -62.   95. -138.  205.]
 [-146.  239.    9.  165. -157.  115.  -69.   20.  127. -101.  294.   60.
    79. -197. -209.  104.]
 [-197. -142.  -83.  227.  193.    4.  241. -297.  -79.  225. -247. -236.
  -246.  140. -155.  282.]
 [ 264.  101. -159.  166.  200. -172.  250.  -15.    9.  -28.  269. -263.
   -51.  -40. -108.   16.]
 [ -75.  231.  -14. -264. -217.  125. -216.  -17. -237.  125.   35.   85.
  -197.  -81.  -94. -213.]]
B:
[[ 144.   -7.   26. -146.  242.  164. -258. -143. -219.  191.  -20. -271.
  -170.  117. -154.   -7.]
 [-137.  229.  176. -105. -169.  200. -255.  263. -142. -260.   75.   60.
  -103.   88.  152.    8.]
 [ 141.  251.  143. -207.  176.   12. -218. -134. -144.  210.   -6.   -3.
  -253.   34.  263.   79.]
 [-208. -126.   13.  118.  214.  -10. -149. -107. -168.   -8. -259.   85.
    87.  160.  263.  235.]
 [ 225.   53.  -10.  -46.   93.  194.  -35. -240.  -31.   72.  278. -209.
   189.  293.   30.  170.]
 [-142. -274.   40.  282.  135.  -54. -229.   64. -233.  -22. -100.   44.
   111.  200. -275. -199.]
 [  55.  193.  239. -233. -231.   24.  296.  -33.  201.  289.  227. -163.
   230. -172.  -33. -111.]
 [-148. -167.  -54.  173.  114.    5.  100.  230. -186. -300. -273.  118.
   -19.  -72.   14. -123.]
 [ 117. -154. -240.  -43.   40.  -51.  -86. -170.   93.  279.  277.  283.
   -70.  115.  -60. -182.]
 [-113. -136.   37. -158.  -45. -131.   43. -110.   14. -144.  169.  134.
    -1.  -85.  156.  218.]
 [ 138.  -90. -200.  -54.  144.    7.  -69.   42. -179. -131. -103.  246.
  -269. -157. -284.  252.]
 [ 250. -221. -259.  213.  -39.  -16. -185. -221.  277.  202.   -1.  144.
  -179.  -67.  -21. -287.]
 [-227.  192.  141.  -77.  215.  252.   52.  161. -180. -231. -199. -248.
   232. -287.  -80. -200.]
 [  64.  -11.  122.   68.   55.  104.  -41.  -73. -103.  105.  -18. -126.
   248. -230.  241.   75.]
 [  86.   36.  -62. -228.  170.   51.  110. -213.  -28.  213.   35.  187.
  -201.   67.   93. -227.]
 [ -67.  187. -194. -210.  -60.   18.  136.  102. -129.  175.    4.  236.
  -296.  -58.  254.  243.]]
product:
[[ 106278  -90272 -135115   -5193  -63343   -7806   70353 -154373  175320
    91376  192734   22029  118275 -134217  -44377   44728]
 [-170294  -40630  -15240  -38444  194542   65634  113958  -42212 -194369
   -71288 -110889   10262  107603    2515  249309  114230]
 [     98  124799   94267 -170789  -18281  107964  -78445  -82918   38966
   105874   91345  -44633   27198 -144534  193637  -19827]
 [   5193    4259  117059   13202  -36594  -58641  137610  -40873   80986
   108855   54918 -146607  183132  -27386   46978  -80645]
 [ -37453  -38183   19182   98043   91052  -68951 -297025  -34602 -144272
   150187  -65143   70299  -67798  141319  134556   96772]
 [-124722   81994   22753   15948   97969  211713 -188475  112863 -235780
    19986  -40304 -114458   99117   48376   33777  -13068]
 [ 278186   29238 -137342  -43729 -122245  -71815   40060 -269946  262800
   303601  265946   47045 -105914  113681  140697   15966]
 [ -61042 -256409 -160511  321273 -181195 -149765  -98566  223102  127894
  -178640  -33478  216397 -107099  125689 -252854 -324854]
 [  47119   17880  138863  -58439   57776   99790   33902  -90284  -34425
   -24592   51522 -216864  176749  -92032    9642   18413]
 [ -25863  109188  -72695 -266077   39388  115177  -47913  -34188 -102162
    84544  140656  103151 -175271  106924   28906   70667]
 [ -26366  206754  164102    4794 -131855   75940  -88773   72322  101946
    22789  -11272 -103129   85902 -158157  209386 -106319]
 [ -70281  -47389  -78156   86439    9907  -49829   49413  160914 -127297
  -127557  -31331   81611  -11825   18219  -28412   57718]
 [-118867  -35549  -98371   86751   -5685  -17425 -132400  187624  -97599
  -170899 -129519  213446 -138795   -6303  -84154   51920]
 [ -62941   79005  107940  -92146 -188855  -96109  185214 -102254  106357
   170709  207993  -56097  226181   73276  264782  321152]
 [  26872   95026   58383 -159234    8407  101009   38349   11963  -96531
   -10065   71370 -114420   45213   37686  -65944  238863]
 [ -35500  -84011   31717  133539 -134887  -89844 -122447  146617   38240
  -242744  -41627   57587  -98979     787 -105057  -38758]]
number of multiplications: Strassen's=2401, ordinary=4096

order: 64
A:
 [[  11.   47.  158. ... -265.  -63.  -17.]
 [ 183. -118.   59. ... -289.  274.   72.]
 [  83. -290.   25. ...  140.  -86.   83.]
 ...
 [ 262. -286. -127. ... -267.  -57.  203.]
 [   8.   53.   15. ... -273. -296. -225.]
 [-171. -200.   75. ... -219. -209. -108.]]
B:
[[-241. -148.  -43. ...  -41. -131. -239.]
 [ 231.  262.   57. ... -269. -293.  136.]
 [  18.  -29. -238. ...  -12.  158. -280.]
 ...
 [ -16. -257. -169. ... -243.   12.    1.]
 [ 147.  152. -100. ... -272.  -90. -279.]
 [  -7.  -61. -125. ...   63.  267. -299.]]
product:
[[  30170   -8425    7143 ...  141373 -366054 -345591]
 [  32356  152750 -529288 ...  -41281 -161391 -194036]
 [  92260  -99942  112575 ...  345924  189344 -278459]
 ...
 [-291587  123650  323964 ...  192951  268392  -71714]
 [ -95183  -24350  646589 ...  162932 -195226   10492]
 [-455258    3476   33411 ... -188608   75066  454053]]
number of multiplications: Strassen's=117649, ordinary=262144

order: 32
A:
 [[   0. -215.  242. ...  192.  159. -243.]
 [  26.  242. -205. ...  129. -278.   44.]
 [-184.   64.  255. ...   68. -219.   67.]
 ...
 [ 286. -267. -267. ... -282.  -60. -291.]
 [ 214. -199.  117. ...   43. -285.  180.]
 [ -41. -100. -244. ... -204.  296. -170.]]
B:
[[-150.   72.  -60. ... -102.  209.  101.]
 [ 140.   10.   32. ...  291. -295. -209.]
 [ 150. -116.  146. ...  235.  126.   78.]
 ...
 [ 264. -104.  -62. ...  -61.  235.  105.]
 [ -81. -153. -183. ...  -43.  -29. -271.]
 [ 282.  214. -192. ... -248.  279.  -64.]]
product:
[[ 107851  -52180  321203 ...   56447  -45769  227366]
 [-169939   70765 -175783 ... -107283  304578 -194042]
 [ -68030  115656    2090 ...  -86618 -199611 -213772]
 ...
 [-305392   51921 -140391 ... -243344 -267815  216799]
 [ 187634   16095  -27786 ... -198879  119779  -22290]
 [-388403  134651  -15005 ...  -36298  -47830   77088]]
number of multiplications: Strassen's=16807, ordinary=32768

order: 64
A:
 [[ -17.  -14.   71. ...   79.  117. -245.]
 [ 291.  195. -151. ... -187.  -62.   85.]
 [ 255. -127.  204. ...   25.  131.  202.]
 ...
 [ 143. -286.  -55. ...  -17. -206.  -56.]
 [  94. -111.   45. ... -133.  236.  -69.]
 [ -29. -296.  156. ... -226.  298.   52.]]
B:
[[-180.  -58.   39. ...   20. -191.  -14.]
 [-119. -137. -286. ... -295. -297.   60.]
 [-217.   53. -179. ... -228. -185.  -22.]
 ...
 [ -17.  252. -133. ... -152. -167. -107.]
 [-267.  -72.  -39. ... -278.  204.   83.]
 [ 254.  247.  -73. ... -266.   44. -238.]]
product:
[[-187931  -28913 -198087 ... -111971   45328 -125894]
 [ 102614 -233461  180421 ...   79107  225264 -309310]
 [ -88720    5146  246368 ...   26884 -151030 -250440]
 ...
 [ 266243   90937   42970 ...  179090  130753  185550]
 [-202319 -106380  -44802 ...   40866 -123948   99070]
 [ 166714   95938   64272 ... -151624  202728 -548437]]
number of multiplications: Strassen's=117649, ordinary=262144

order: 2
A:
 [[ -34.   11.]
 [ 232. -117.]]
B:
[[  39.  232.]
 [ 110. -124.]]
product:
[[ -116 -9252]
 [-3822 68332]]
number of multiplications: Strassen's=7, ordinary=8

